189 189 189 189 189 33  33  33  189 189 189 189 
189 189 189 33  33  33  189 33  44  189 189 189 
189 189 189 189 189 33  33  33  33  189 189 189 
189 189 189 189 189 33  189 33  33  189 189 189 
189 189 189 33  33  189 189 33  33  33  189 189
189 134 33  33  189 189 189 189 33  33  189 189
189 144 33  33  189 189 189 189 33  189 189 189 
189 142 33  33  189 189 189 189 33  33  33  189 
189 100 142 33  189 189 189 189 33  33  33  189 
189 142 142 189 189 189 189 189 189 33  189 189 
189 59  142 33  189 189 189 189 33  189 189 189 
189 189 33  33  189 189 189 189 189 189 189 189 